0 -29.5379
0.01 -29.5568
0.02 -29.5762
0.03 -29.5959
0.04 -29.616
0.05 -29.6365
0.06 -29.6575
0.07 -29.6788
0.08 -29.7005
0.09 -29.7226
0.1 -29.7451
0.11 -29.768
0.12 -29.7913
0.13 -29.815
0.14 -29.8392
0.15 -29.8637
0.16 -29.8887
0.17 -29.9141
0.18 -29.94
0.19 -29.9662
0.2 -29.9929
0.21 -30.0201
0.22 -30.0476
0.23 -30.0757
0.24 -30.1042
0.25 -30.1331
0.26 -30.1626
0.27 -30.1925
0.28 -30.2229
0.29 -30.2537
0.3 -30.2851
0.31 -30.317
0.32 -30.3494
0.33 -30.3823
0.34 -30.4157
0.35 -30.4497
0.36 -30.4842
0.37 -30.5193
0.38 -30.555
0.39 -30.5912
0.4 -30.628
0.41 -30.6654
0.42 -30.7035
0.43 -30.7421
0.44 -30.7814
0.45 -30.8214
0.46 -30.862
0.47 -30.9033
0.48 -30.9454
0.49 -30.9881
0.5 -31.0316
0.51 -31.0758
0.52 -31.1208
0.53 -31.1666
0.54 -31.2132
0.55 -31.2606
0.56 -31.3089
0.57 -31.3581
0.58 -31.4082
0.59 -31.4593
0.6 -31.5113
0.61 -31.5643
0.62 -31.6184
0.63 -31.6735
0.64 -31.7297
0.65 -31.7871
0.66 -31.8457
0.67 -31.9054
0.68 -31.9665
0.69 -32.0289
0.7 -32.0926
0.71 -32.1578
0.72 -32.2245
0.73 -32.2927
0.74 -32.3626
0.75 -32.4342
0.76 -32.5075
0.77 -32.5827
0.78 -32.6599
0.79 -32.7392
0.8 -32.8206
0.81 -32.9043
0.82 -32.9905
0.83 -33.0792
0.84 -33.1707
0.85 -33.2652
0.86 -33.3627
0.87 -33.4636
0.88 -33.5682
0.89 -33.6766
0.9 -33.7892
0.91 -33.9064
0.92 -34.0287
0.93 -34.1564
0.94 -34.2903
0.95 -34.431
0.96 -34.5793
0.97 -34.7364
0.98 -34.9034
0.99 -35.082